%YAML:1.0
calibration_time: "05/31/19 14:00:00"
camera_matrix: !!opencv-matrix
   rows: 3
   cols: 3
   dt: d
   data: [ 2047.835036975324, 0, 960,
           0, 2088.973405583949, 540,
           0, 0, 1]
distortion_coefficients: !!opencv-matrix
   rows: 5
   cols: 1
   dt: d
   data: [ -0.23358974291192533,
        0.22278135444539487,
        -0.001896006018748501,
        0.0006900095357958706,
        -0.11847552089880027 ]